10000|||1|1
1278837285|||1|1|2DCarLevel
1282267898|||0|1|jieji
1282966344|||1|1|GirlCircle
1283003192|||1|1|swordsnake
1284439826|||0|1|SuperCar
1287431255|||0|1|Fish
1288441031|||1|1|Endless
1289520509|||1|1|MotoGame
1294950945|||1|1|Cave
1294950950|||0|2|Rocket
1295083912|||1|1|CarGame
1296715963|||0|1|FastCar
1296773227|||0|1|DraftCar
1297163722|||1|1|Heilx
1298370936|||0|1|TruckSim
1298534334|||0|1|CrashCar
1300031388|||1|2|2DCarLevel2
1301962690|||0|1|Tank
1302702254|||1|1|CatRun
1303462105|||0|1|ZombieKill
1304197766|||1|1|ZombieShooter
1305645360|||0|1|Basketball
1306606442|||0|2|Rider2
1307398617|||1|1|ToyCar
1310319531|||1|1|Hex
1313188350|||1|1|CityMoto
1313188644|||1|1|MotoRun
1313188866|||0|1|Bullet
1313188971|||1|3|TapDrift
1313188979|||1|1|XRacer
1313189626|||0|1|Tank2
1316379373|||0|1|PixelCar
1316379396|||0|1|TruckZombie
1317657928|||1|1|CarLevel
1317696170|||0|1|NinjaJump
1317696175|||0|1|NinjaRun
1318642296|||0|1|RocketDance
1318642863|||0|1|ShootPuzzle
1324921626|||1|1|MotoLevel
1325409742|||0|1|CarParking
1326130116|||1|1|GirlRun
1326130960|||1|1|BoyRun
1327207165|||0|1|BuildTower
1327706231|||0|2|line
1327736753|||0|1|pixelmoto
1328206399|||1|1|Shooter
1328793665|||1|1|sea
1330549827|||1|2|tapcar
1330589122|||0|1|TruckParking
1330927118|||1|1|carlevel2
1331349081|||1|1|toycar2
1331857979|||0|2|Rocket2
1332961045|||1|1|MagicStone
1332965249|||0|2|Rocket3
1333395225|||0|1|snake
1333912355|||1|1|bicLevel
1335088532|||1|1|RaceCar
1335910340|||1|1|FlyShooter
1335911878|||0|1|SoccerSim
1336379018|||1|1|BulletShooter
1337471144|||0|1|pixelgun
1338675357|||0|1|HighWayCar
1338678173|||0|1|Truck2
1340067955|||1|1|face
1342551699|||1|1|RocketTruck
1345765651|||1|1|Heilx2
1347509189|||0|1|Basketball2
1352890084|||1|1|KongHero
1359046423|||0|1|BallAndCube
1360991080|||1|1|CatRun3.0
1363006980|||0|1|Truck3
1363837255|||1|2|Sausage
1367396864|||1|1|RoadCar2
1370291982|||0|2|JumpCar
1370883117|||1|1|CrashCar2
1371316333|||0|2|DriftCar
1373642918|||1|1|Toycar3
1375882204|||1|1|BuildCity
1375883517|||0|2|PhysicalLevel
1377575647|||0|1|BasketBall3
1377576464|||1|2|KnifeRun
1380195031|||0|1|heilx3
1384338637|||0|1|BoxRun
1384822639|||0|2|LightPuzzle
1385374650|||1|2|SkyDrift2
1385907182|||0|1|CarChase
1385947976|||0|2|BrainLevel
1390463515|||1|1|CrazyAnimal
1393922091|||1|1|kongHero2
1395869751|||0|2|walk
1395883440|||0|2|idle
13958834402|||0|2|0|idlegoogle
1397713652|||0|1|sniper
1400609934|||0|1|bus
1400610152|||1|1|zigcar
1403224403|||0|1|Klotski
1404239790|||0|2|TertisTower
1404247658|||1|2|CrazyTank
1405538285|||0|1|Jigsaw
1409554424|||0|2|PixelCar
1409555875|||1|1|Planet
1412596248|||0|2|Archer
1412596688|||0|2|ShootArrow
1412620803|||1|1|Smash
1418440434|||1|1|Fly
1418442833|||0|2|weaponIdle
141844283302|||1|2|weaponIdleGoogle
141844283303|||1|2|weaponIdleTap
1434019703|||0|2|MergeAnimal
143401970302|||1|2|MergeAnimalAndroid
143401970303|||1|2|MergeAnimalGoogle
1434384454|||0|1|gongjiaoche
1434791322|||0|2|HeilxUp
1435027988|||1|2|Missile
1435273085|||1|1|Hunting
1437226719|||0|1|FourBall
1438700538|||1|1|pengzhuang
1440553661|||0|1|ballbattle
1440971708|||1|30|CarsTower
1441608860|||0|1|fishio
144160886001|||0|1|fishio google
1446383940|||0|2|CrossSky
1449444382|||1|2|baseball
1449687728|||1|2|lightShot
